9 1
10 1
13 1
32 1
34 2
37 3
38 4
40 5
41 6
42 7
43 8
44 9
45 10
46 11
47 12
48 13
49 14
50 14
51 14
52 14
53 14
54 14
55 14
56 14
57 14
58 15
59 16
60 17
62 18
65 19
66 19
67 19
68 19
69 19
70 19
71 19
72 19
73 19
74 19
75 19
76 19
77 19
78 19
79 19
80 19
81 19
82 19
83 19
84 19
85 19
86 19
87 19
88 19
89 19
90 19
91 20
93 21
94 22
95 19
97 19
98 23
99 19
100 19
101 24
102 25
103 26
104 19
105 19
106 27
107 28
108 29
109 19
110 30
111 31
112 19
113 19
114 32
115 33
116 34
117 35
118 36
119 37
120 19
121 19
122 38
123 39
124 40
125 41
126 42
9 2
10 2
13 2
32 2
33 2
34 43
35 2
36 2
37 2
38 2
39 2
40 2
41 2
42 2
43 2
44 2
45 2
46 2
47 2
48 2
49 2
50 2
51 2
52 2
53 2
54 2
55 2
56 2
57 2
58 2
59 2
60 2
61 2
62 2
63 2
64 2
65 2
66 2
67 2
68 2
69 2
70 2
71 2
72 2
73 2
74 2
75 2
76 2
77 2
78 2
79 2
80 2
81 2
82 2
83 2
84 2
85 2
86 2
87 2
88 2
89 2
90 2
91 2
92 2
93 2
94 2
95 2
96 2
97 2
98 2
99 2
100 2
101 2
102 2
103 2
104 2
105 2
106 2
107 2
108 2
109 2
110 2
111 2
112 2
113 2
114 2
115 2
116 2
117 2
118 2
119 2
120 2
121 2
122 2
123 2
124 2
125 2
126 2
161 2
162 2
163 2
164 2
165 2
166 2
167 2
168 2
169 2
170 2
171 2
172 2
173 2
174 2
175 2
176 2
177 2
178 2
179 2
180 2
181 2
182 2
183 2
184 2
185 2
186 2
187 2
188 2
189 2
190 2
191 2
192 2
193 2
194 2
195 2
196 2
197 2
198 2
199 2
200 2
201 2
202 2
203 2
204 2
205 2
206 2
207 2
208 2
209 2
210 2
211 2
212 2
213 2
214 2
215 2
216 2
217 2
218 2
219 2
220 2
221 2
222 2
223 2
224 2
225 2
226 2
227 2
228 2
229 2
230 2
231 2
232 2
233 2
234 2
235 2
236 2
237 2
238 2
239 2
240 2
241 2
242 2
243 2
244 2
245 2
246 2
247 2
248 2
249 2
250 2
251 2
252 2
253 2
254 2
255 2
43 44
45 45
48 46
49 46
50 46
51 46
52 46
53 46
54 46
55 46
56 46
57 46
42 47
47 48
46 11
48 14
49 14
50 14
51 14
52 14
53 14
54 14
55 14
56 14
57 14
98 49
120 50
46 11
48 14
49 14
50 14
51 14
52 14
53 14
54 14
55 14
56 14
57 14
60 51
62 52
48 19
49 19
50 19
51 19
52 19
53 19
54 19
55 19
56 19
57 19
65 19
66 19
67 19
68 19
69 19
70 19
71 19
72 19
73 19
74 19
75 19
76 19
77 19
78 19
79 19
80 19
81 19
82 19
83 19
84 19
85 19
86 19
87 19
88 19
89 19
90 19
95 19
97 19
98 19
99 19
100 19
101 19
102 19
103 19
104 19
105 19
106 19
107 19
108 19
109 19
110 19
111 19
112 19
113 19
114 19
115 19
116 19
117 19
118 19
119 19
120 19
121 19
122 19
48 19
49 19
50 19
51 19
52 19
53 19
54 19
55 19
56 19
57 19
65 19
66 19
67 19
68 19
69 19
70 19
71 19
72 19
73 19
74 19
75 19
76 19
77 19
78 19
79 19
80 19
81 19
82 19
83 19
84 19
85 19
86 19
87 19
88 19
89 19
90 19
95 19
97 19
98 19
99 19
100 19
101 19
102 19
103 19
104 19
105 19
106 19
107 19
108 19
109 19
110 19
111 53
112 19
113 19
114 19
115 19
116 19
117 19
118 19
119 19
120 19
121 19
122 19
48 19
49 19
50 19
51 19
52 19
53 19
54 19
55 19
56 19
57 19
65 19
66 19
67 19
68 19
69 19
70 19
71 19
72 19
73 19
74 19
75 19
76 19
77 19
78 19
79 19
80 19
81 19
82 19
83 19
84 19
85 19
86 19
87 19
88 19
89 19
90 19
95 19
97 19
98 19
99 19
100 19
101 19
102 19
103 19
104 19
105 19
106 19
107 19
108 19
109 19
110 19
111 19
112 19
113 19
114 54
115 19
116 19
117 19
118 19
119 19
120 19
121 19
122 19
48 19
49 19
50 19
51 19
52 19
53 19
54 19
55 19
56 19
57 19
65 19
66 19
67 19
68 19
69 19
70 19
71 19
72 19
73 19
74 19
75 19
76 19
77 19
78 19
79 19
80 19
81 19
82 19
83 19
84 19
85 19
86 19
87 19
88 19
89 19
90 19
95 19
97 55
98 19
99 19
100 19
101 19
102 19
103 19
104 19
105 19
106 19
107 19
108 19
109 19
110 19
111 19
112 19
113 19
114 19
115 19
116 19
117 56
118 19
119 19
120 19
121 19
122 19
252 57
48 19
49 19
50 19
51 19
52 19
53 19
54 19
55 19
56 19
57 19
65 19
66 19
67 19
68 19
69 19
70 19
71 19
72 19
73 19
74 19
75 19
76 19
77 19
78 19
79 19
80 19
81 19
82 19
83 19
84 19
85 19
86 19
87 19
88 19
89 19
90 19
95 19
97 58
98 19
99 19
100 19
101 19
102 19
103 19
104 19
105 19
106 19
107 19
108 59
109 19
110 19
111 19
112 19
113 19
114 60
115 19
116 19
117 19
118 19
119 19
120 19
121 19
122 19
48 19
49 19
50 19
51 19
52 19
53 19
54 19
55 19
56 19
57 19
65 19
66 19
67 19
68 19
69 19
70 19
71 19
72 19
73 19
74 19
75 19
76 19
77 19
78 19
79 19
80 19
81 19
82 19
83 19
84 19
85 19
86 19
87 19
88 19
89 19
90 19
95 19
97 19
98 19
99 19
100 19
101 61
102 19
103 19
104 19
105 19
106 19
107 19
108 19
109 19
110 19
111 19
112 19
113 19
114 19
115 19
116 19
117 19
118 19
119 19
120 19
121 19
122 19
48 19
49 19
50 19
51 19
52 19
53 19
54 19
55 19
56 19
57 19
65 19
66 19
67 19
68 19
69 19
70 19
71 19
72 19
73 19
74 19
75 19
76 19
77 19
78 19
79 19
80 19
81 19
82 19
83 19
84 19
85 19
86 19
87 19
88 19
89 19
90 19
95 19
97 19
98 19
99 19
100 19
101 19
102 19
103 19
104 19
105 19
106 19
107 19
108 62
109 19
110 19
111 19
112 19
113 19
114 19
115 19
116 19
117 19
118 19
119 19
120 19
121 19
122 19
48 19
49 19
50 19
51 19
52 19
53 19
54 19
55 19
56 19
57 19
65 19
66 19
67 19
68 19
69 19
70 19
71 19
72 19
73 19
74 19
75 19
76 19
77 19
78 19
79 19
80 19
81 19
82 19
83 19
84 19
85 19
86 19
87 19
88 19
89 19
90 19
95 19
97 19
98 19
99 19
100 19
101 63
102 19
103 19
104 19
105 64
106 19
107 19
108 19
109 19
110 19
111 19
112 19
113 19
114 19
115 19
116 19
117 19
118 19
119 19
120 19
121 19
122 19
48 19
49 19
50 19
51 19
52 19
53 19
54 19
55 19
56 19
57 19
65 19
66 19
67 19
68 19
69 19
70 19
71 19
72 19
73 19
74 19
75 19
76 19
77 19
78 19
79 19
80 19
81 19
82 19
83 19
84 19
85 19
86 19
87 19
88 19
89 19
90 19
95 19
97 19
98 19
99 19
100 19
101 19
102 19
103 19
104 19
105 65
106 19
107 19
108 19
109 19
110 19
111 19
112 19
113 19
114 19
115 19
116 19
117 19
118 19
119 19
120 19
121 19
122 19
48 19
49 19
50 19
51 19
52 19
53 19
54 19
55 19
56 19
57 19
65 19
66 19
67 19
68 19
69 19
70 19
71 19
72 19
73 19
74 19
75 19
76 19
77 19
78 19
79 19
80 19
81 19
82 19
83 19
84 19
85 19
86 19
87 19
88 19
89 19
90 19
95 19
97 19
98 19
99 19
100 66
101 19
102 19
103 19
104 19
105 19
106 19
107 19
108 19
109 19
110 19
111 19
112 19
113 19
114 19
115 19
116 19
117 19
118 19
119 19
120 19
121 19
122 19
48 19
49 19
50 19
51 19
52 19
53 19
54 19
55 19
56 19
57 19
65 19
66 19
67 19
68 19
69 19
70 19
71 19
72 19
73 19
74 19
75 19
76 19
77 19
78 19
79 19
80 19
81 19
82 19
83 19
84 19
85 19
86 19
87 19
88 19
89 19
90 19
95 19
97 19
98 19
99 19
100 19
101 67
102 19
103 19
104 19
105 19
106 19
107 19
108 19
109 19
110 19
111 19
112 19
113 19
114 19
115 19
116 19
117 19
118 19
119 19
120 19
121 19
122 19
48 19
49 19
50 19
51 19
52 19
53 19
54 19
55 19
56 19
57 19
65 19
66 19
67 19
68 19
69 19
70 19
71 19
72 19
73 19
74 19
75 19
76 19
77 19
78 19
79 19
80 19
81 19
82 19
83 19
84 19
85 19
86 19
87 19
88 19
89 19
90 19
95 19
97 19
98 19
99 68
100 19
101 19
102 19
103 19
104 19
105 19
106 19
107 19
108 19
109 19
110 19
111 69
112 19
113 19
114 19
115 19
116 19
117 19
118 19
119 19
120 19
121 19
122 19
48 19
49 19
50 19
51 19
52 19
53 19
54 19
55 19
56 19
57 19
65 19
66 19
67 19
68 19
69 19
70 19
71 19
72 19
73 19
74 19
75 19
76 19
77 19
78 19
79 19
80 19
81 19
82 19
83 19
84 19
85 19
86 19
87 19
88 19
89 19
90 19
95 19
97 19
98 19
99 19
100 19
101 19
102 19
103 19
104 19
105 19
106 19
107 19
108 19
109 19
110 19
111 19
112 19
113 19
114 19
115 19
116 19
117 70
118 19
119 19
120 19
121 19
122 19
48 19
49 19
50 19
51 19
52 19
53 19
54 19
55 19
56 19
57 19
65 19
66 19
67 19
68 19
69 19
70 19
71 19
72 19
73 19
74 19
75 19
76 19
77 19
78 19
79 19
80 19
81 19
82 19
83 19
84 19
85 19
86 19
87 19
88 19
89 19
90 19
95 19
97 19
98 19
99 19
100 19
101 19
102 19
103 19
104 19
105 19
106 19
107 19
108 19
109 19
110 71
111 19
112 19
113 19
114 19
115 19
116 19
117 19
118 19
119 19
120 19
121 19
122 19
48 19
49 19
50 19
51 19
52 19
53 19
54 19
55 19
56 19
57 19
65 19
66 19
67 19
68 19
69 19
70 19
71 19
72 19
73 19
74 19
75 19
76 19
77 19
78 19
79 19
80 19
81 19
82 19
83 19
84 19
85 19
86 19
87 19
88 19
89 19
90 19
95 19
97 19
98 19
99 19
100 19
101 19
102 19
103 19
104 19
105 19
106 19
107 19
108 19
109 19
110 19
111 72
112 19
113 19
114 19
115 19
116 19
117 19
118 19
119 19
120 19
121 19
122 19
48 19
49 19
50 19
51 19
52 19
53 19
54 19
55 19
56 19
57 19
65 19
66 19
67 19
68 19
69 19
70 19
71 19
72 19
73 19
74 19
75 19
76 19
77 19
78 19
79 19
80 19
81 19
82 19
83 19
84 19
85 19
86 19
87 19
88 19
89 19
90 19
95 19
97 73
98 19
99 19
100 19
101 19
102 19
103 19
104 19
105 19
106 19
107 19
108 19
109 19
110 19
111 19
112 19
113 19
114 19
115 19
116 19
117 19
118 19
119 19
120 19
121 19
122 19
228 74
48 19
49 19
50 19
51 19
52 19
53 19
54 19
55 19
56 19
57 19
65 19
66 19
67 19
68 19
69 19
70 19
71 19
72 19
73 19
74 19
75 19
76 19
77 19
78 19
79 19
80 19
81 19
82 19
83 19
84 19
85 19
86 19
87 19
88 19
89 19
90 19
95 19
97 19
98 19
99 19
100 19
101 75
102 19
103 19
104 19
105 19
106 19
107 19
108 19
109 19
110 19
111 19
112 19
113 19
114 19
115 19
116 19
117 76
118 19
119 19
120 19
121 19
122 19
48 46
49 46
50 46
51 46
52 46
53 46
54 46
55 46
56 46
57 46
9 47
10 47
13 47
32 47
33 47
34 47
35 47
36 47
37 47
38 47
39 47
40 47
41 47
42 77
43 47
44 47
45 47
46 47
47 47
48 47
49 47
50 47
51 47
52 47
53 47
54 47
55 47
56 47
57 47
58 47
59 47
60 47
61 47
62 47
63 47
64 47
65 47
66 47
67 47
68 47
69 47
70 47
71 47
72 47
73 47
74 47
75 47
76 47
77 47
78 47
79 47
80 47
81 47
82 47
83 47
84 47
85 47
86 47
87 47
88 47
89 47
90 47
91 47
92 47
93 47
94 47
95 47
96 47
97 47
98 47
99 47
100 47
101 47
102 47
103 47
104 47
105 47
106 47
107 47
108 47
109 47
110 47
111 47
112 47
113 47
114 47
115 47
116 47
117 47
118 47
119 47
120 47
121 47
122 47
123 47
124 47
125 47
126 47
161 47
162 47
163 47
164 47
165 47
166 47
167 47
168 47
169 47
170 47
171 47
172 47
173 47
174 47
175 47
176 47
177 47
178 47
179 47
180 47
181 47
182 47
183 47
184 47
185 47
186 47
187 47
188 47
189 47
190 47
191 47
192 47
193 47
194 47
195 47
196 47
197 47
198 47
199 47
200 47
201 47
202 47
203 47
204 47
205 47
206 47
207 47
208 47
209 47
210 47
211 47
212 47
213 47
214 47
215 47
216 47
217 47
218 47
219 47
220 47
221 47
222 47
223 47
224 47
225 47
226 47
227 47
228 47
229 47
230 47
231 47
232 47
233 47
234 47
235 47
236 47
237 47
238 47
239 47
240 47
241 47
242 47
243 47
244 47
245 47
246 47
247 47
248 47
249 47
250 47
251 47
252 47
253 47
254 47
255 47
9 48
32 48
33 48
34 48
35 48
36 48
37 48
38 48
39 48
40 48
41 48
42 48
43 48
44 48
45 48
46 48
47 48
48 48
49 48
50 48
51 48
52 48
53 48
54 48
55 48
56 48
57 48
58 48
59 48
60 48
61 48
62 48
63 48
64 48
65 48
66 48
67 48
68 48
69 48
70 48
71 48
72 48
73 48
74 48
75 48
76 48
77 48
78 48
79 48
80 48
81 48
82 48
83 48
84 48
85 48
86 48
87 48
88 48
89 48
90 48
91 48
92 48
93 48
94 48
95 48
96 48
97 48
98 48
99 48
100 48
101 48
102 48
103 48
104 48
105 48
106 48
107 48
108 48
109 48
110 48
111 48
112 48
113 48
114 48
115 48
116 48
117 48
118 48
119 48
120 48
121 48
122 48
123 48
124 48
125 48
126 48
161 48
162 48
163 48
164 48
165 48
166 48
167 48
168 48
169 48
170 48
171 48
172 48
173 48
174 48
175 48
176 48
177 48
178 48
179 48
180 48
181 48
182 48
183 48
184 48
185 48
186 48
187 48
188 48
189 48
190 48
191 48
192 48
193 48
194 48
195 48
196 48
197 48
198 48
199 48
200 48
201 48
202 48
203 48
204 48
205 48
206 48
207 48
208 48
209 48
210 48
211 48
212 48
213 48
214 48
215 48
216 48
217 48
218 48
219 48
220 48
221 48
222 48
223 48
224 48
225 48
226 48
227 48
228 48
229 48
230 48
231 48
232 48
233 48
234 48
235 48
236 48
237 48
238 48
239 48
240 48
241 48
242 48
243 48
244 48
245 48
246 48
247 48
248 48
249 48
250 48
251 48
252 48
253 48
254 48
255 48
48 78
49 78
48 79
49 79
50 79
51 79
52 79
53 79
54 79
55 79
56 79
57 79
65 79
66 79
67 79
68 79
69 79
70 79
48 19
49 19
50 19
51 19
52 19
53 19
54 19
55 19
56 19
57 19
65 19
66 19
67 19
68 19
69 19
70 19
71 19
72 19
73 19
74 19
75 19
76 19
77 19
78 19
79 19
80 19
81 19
82 19
83 19
84 19
85 19
86 19
87 19
88 19
89 19
90 19
95 19
97 19
98 19
99 19
100 19
101 19
102 19
103 19
104 19
105 19
106 19
107 19
108 19
109 19
110 19
111 80
112 19
113 19
114 19
115 19
116 19
117 19
118 19
119 19
120 19
121 19
122 19
48 19
49 19
50 19
51 19
52 19
53 19
54 19
55 19
56 19
57 19
65 19
66 19
67 19
68 19
69 19
70 19
71 19
72 19
73 19
74 19
75 19
76 19
77 19
78 19
79 19
80 19
81 19
82 19
83 19
84 19
85 19
86 19
87 19
88 19
89 19
90 19
95 19
97 19
98 19
99 19
100 19
101 19
102 19
103 19
104 81
105 19
106 19
107 19
108 19
109 19
110 19
111 19
112 19
113 19
114 19
115 19
116 19
117 19
118 19
119 19
120 19
121 19
122 19
48 19
49 19
50 19
51 19
52 19
53 19
54 19
55 19
56 19
57 19
65 19
66 19
67 19
68 19
69 19
70 19
71 19
72 19
73 19
74 19
75 19
76 19
77 19
78 19
79 19
80 19
81 19
82 19
83 19
84 19
85 19
86 19
87 19
88 19
89 19
90 19
95 19
97 19
98 19
99 19
100 19
101 19
102 19
103 19
104 19
105 19
106 19
107 19
108 82
109 19
110 19
111 19
112 19
113 19
114 19
115 19
116 19
117 19
118 19
119 19
120 19
121 19
122 19
48 19
49 19
50 19
51 19
52 19
53 19
54 19
55 19
56 19
57 19
65 19
66 19
67 19
68 19
69 19
70 19
71 19
72 19
73 19
74 19
75 19
76 19
77 19
78 19
79 19
80 19
81 19
82 19
83 19
84 19
85 19
86 19
87 19
88 19
89 19
90 19
95 19
97 19
98 19
99 19
100 19
101 19
102 19
103 19
104 19
105 19
106 19
107 19
108 19
109 19
110 83
111 19
112 19
113 19
114 19
115 19
116 19
117 19
118 19
119 19
120 19
121 19
122 19
114 84
48 19
49 19
50 19
51 19
52 19
53 19
54 19
55 19
56 19
57 19
65 19
66 19
67 19
68 19
69 19
70 19
71 19
72 19
73 19
74 19
75 19
76 19
77 19
78 19
79 19
80 19
81 19
82 19
83 19
84 19
85 19
86 19
87 19
88 19
89 19
90 19
95 19
97 19
98 19
99 19
100 19
101 19
102 19
103 19
104 19
105 19
106 19
107 19
108 19
109 19
110 85
111 19
112 19
113 19
114 19
115 19
116 19
117 19
118 19
119 19
120 19
121 19
122 19
48 19
49 19
50 19
51 19
52 19
53 19
54 19
55 19
56 19
57 19
65 19
66 19
67 19
68 19
69 19
70 19
71 19
72 19
73 19
74 19
75 19
76 19
77 19
78 19
79 19
80 19
81 19
82 19
83 19
84 19
85 19
86 19
87 19
88 19
89 19
90 19
95 19
97 19
98 19
99 19
100 19
101 86
102 19
103 19
104 19
105 19
106 19
107 19
108 19
109 19
110 19
111 19
112 19
113 19
114 19
115 19
116 19
117 19
118 19
119 19
120 19
121 19
122 19
48 19
49 19
50 19
51 19
52 19
53 19
54 19
55 19
56 19
57 19
65 19
66 19
67 19
68 19
69 19
70 19
71 19
72 19
73 19
74 19
75 19
76 19
77 19
78 19
79 19
80 19
81 19
82 19
83 19
84 19
85 19
86 19
87 19
88 19
89 19
90 19
95 19
97 19
98 19
99 19
100 19
101 19
102 19
103 19
104 19
105 19
106 19
107 19
108 19
109 19
110 19
111 19
112 19
113 19
114 19
115 19
116 19
117 19
118 19
119 19
120 19
121 19
122 19
246 87
48 19
49 19
50 19
51 19
52 19
53 19
54 19
55 19
56 19
57 19
65 19
66 19
67 19
68 19
69 19
70 19
71 19
72 19
73 19
74 19
75 19
76 19
77 19
78 19
79 19
80 19
81 19
82 19
83 19
84 19
85 19
86 19
87 19
88 19
89 19
90 19
95 19
97 19
98 19
99 19
100 88
101 19
102 19
103 19
104 19
105 19
106 19
107 19
108 19
109 19
110 19
111 19
112 19
113 19
114 19
115 19
116 19
117 19
118 19
119 19
120 19
121 19
122 19
48 19
49 19
50 19
51 19
52 19
53 19
54 19
55 19
56 19
57 19
65 19
66 19
67 19
68 19
69 19
70 19
71 19
72 19
73 19
74 19
75 19
76 19
77 19
78 19
79 19
80 19
81 19
82 19
83 19
84 19
85 19
86 19
87 19
88 19
89 19
90 19
95 19
97 19
98 19
99 19
100 19
101 89
102 19
103 19
104 19
105 19
106 19
107 19
108 19
109 19
110 19
111 19
112 19
113 19
114 19
115 19
116 19
117 19
118 19
119 19
120 19
121 19
122 19
48 19
49 19
50 19
51 19
52 19
53 19
54 19
55 19
56 19
57 19
65 19
66 19
67 19
68 19
69 19
70 19
71 19
72 19
73 19
74 19
75 19
76 19
77 19
78 19
79 19
80 19
81 19
82 19
83 19
84 19
85 19
86 19
87 19
88 19
89 19
90 19
95 19
97 19
98 19
99 19
100 19
101 90
102 19
103 19
104 19
105 19
106 19
107 19
108 19
109 19
110 19
111 19
112 19
113 19
114 19
115 91
116 19
117 19
118 19
119 19
120 19
121 19
122 19
48 19
49 19
50 19
51 19
52 19
53 19
54 19
55 19
56 19
57 19
65 19
66 19
67 19
68 19
69 19
70 19
71 19
72 19
73 19
74 19
75 19
76 19
77 19
78 19
79 19
80 19
81 19
82 19
83 19
84 19
85 19
86 19
87 19
88 19
89 19
90 19
95 19
97 19
98 19
99 19
100 19
101 92
102 19
103 19
104 19
105 19
106 19
107 19
108 19
109 19
110 19
111 19
112 19
113 19
114 19
115 19
116 19
117 19
118 19
119 19
120 19
121 19
122 19
48 19
49 19
50 19
51 19
52 19
53 19
54 19
55 19
56 19
57 19
65 19
66 19
67 19
68 19
69 19
70 19
71 19
72 19
73 19
74 19
75 19
76 19
77 19
78 19
79 19
80 19
81 19
82 19
83 19
84 19
85 19
86 19
87 19
88 19
89 19
90 19
95 19
97 19
98 19
99 93
100 19
101 19
102 19
103 19
104 19
105 19
106 19
107 19
108 19
109 19
110 19
111 19
112 19
113 19
114 19
115 19
116 19
117 19
118 19
119 19
120 19
121 19
122 19
48 19
49 19
50 19
51 19
52 19
53 19
54 19
55 19
56 19
57 19
65 19
66 19
67 19
68 19
69 19
70 19
71 19
72 19
73 19
74 19
75 19
76 19
77 19
78 19
79 19
80 19
81 19
82 19
83 19
84 19
85 19
86 19
87 19
88 19
89 19
90 19
95 19
97 19
98 19
99 19
100 19
101 94
102 19
103 19
104 19
105 19
106 19
107 19
108 19
109 19
110 19
111 19
112 19
113 19
114 19
115 19
116 19
117 19
118 19
119 19
120 19
121 19
122 19
48 19
49 19
50 19
51 19
52 19
53 19
54 19
55 19
56 19
57 19
65 19
66 19
67 19
68 19
69 19
70 19
71 19
72 19
73 19
74 19
75 19
76 19
77 19
78 19
79 19
80 19
81 19
82 19
83 19
84 19
85 19
86 19
87 19
88 19
89 19
90 19
95 19
97 19
98 19
99 19
100 19
101 95
102 19
103 19
104 19
105 19
106 19
107 19
108 19
109 19
110 19
111 19
112 19
113 19
114 19
115 19
116 19
117 19
118 19
119 19
120 19
121 19
122 19
48 19
49 19
50 19
51 19
52 19
53 19
54 19
55 19
56 19
57 19
65 19
66 19
67 19
68 19
69 19
70 19
71 19
72 19
73 19
74 19
75 19
76 19
77 19
78 19
79 19
80 19
81 19
82 19
83 19
84 19
85 19
86 19
87 19
88 19
89 19
90 19
95 19
97 19
98 19
99 19
100 19
101 19
102 19
103 19
104 96
105 19
106 19
107 19
108 19
109 19
110 19
111 19
112 19
113 19
114 19
115 19
116 19
117 19
118 19
119 19
120 19
121 19
122 19
48 19
49 19
50 19
51 19
52 19
53 19
54 19
55 19
56 19
57 19
65 19
66 19
67 19
68 19
69 19
70 19
71 19
72 19
73 19
74 19
75 19
76 19
77 19
78 19
79 19
80 19
81 19
82 19
83 19
84 19
85 19
86 19
87 19
88 19
89 19
90 19
95 19
97 19
98 19
99 19
100 19
101 19
102 19
103 19
104 19
105 19
106 19
107 19
108 19
109 19
110 97
111 19
112 19
113 19
114 19
115 19
116 19
117 19
118 19
119 19
120 19
121 19
122 19
48 19
49 19
50 19
51 19
52 19
53 19
54 19
55 19
56 19
57 19
65 19
66 19
67 19
68 19
69 19
70 19
71 19
72 19
73 19
74 19
75 19
76 19
77 19
78 19
79 19
80 19
81 19
82 19
83 19
84 19
85 19
86 19
87 19
88 19
89 19
90 19
95 19
97 19
98 19
99 19
100 19
101 19
102 19
103 19
104 19
105 19
106 19
107 19
108 19
109 19
110 98
111 19
112 19
113 19
114 19
115 19
116 19
117 19
118 19
119 19
120 19
121 19
122 19
48 19
49 19
50 19
51 19
52 19
53 19
54 19
55 19
56 19
57 19
65 19
66 19
67 19
68 19
69 19
70 19
71 19
72 19
73 19
74 19
75 19
76 19
77 19
78 19
79 19
80 19
81 19
82 19
83 19
84 19
85 19
86 19
87 19
88 19
89 19
90 19
95 19
97 19
98 19
99 19
100 99
101 19
102 19
103 100
104 19
105 19
106 19
107 19
108 19
109 19
110 19
111 19
112 19
113 19
114 19
115 19
116 19
117 19
118 19
119 19
120 19
121 19
122 19
48 19
49 19
50 19
51 19
52 19
53 19
54 19
55 19
56 19
57 19
65 19
66 19
67 19
68 19
69 19
70 19
71 19
72 19
73 19
74 19
75 19
76 19
77 19
78 19
79 19
80 19
81 19
82 19
83 19
84 19
85 19
86 19
87 19
88 19
89 19
90 19
95 19
97 19
98 19
99 19
100 19
101 19
102 19
103 19
104 19
105 19
106 19
107 19
108 19
109 19
110 101
111 19
112 19
113 19
114 19
115 19
116 19
117 19
118 19
119 19
120 19
121 19
122 19
48 19
49 19
50 19
51 19
52 19
53 19
54 19
55 19
56 19
57 19
65 19
66 19
67 19
68 19
69 19
70 19
71 19
72 19
73 19
74 19
75 19
76 19
77 19
78 19
79 19
80 19
81 19
82 19
83 19
84 19
85 19
86 19
87 19
88 19
89 19
90 19
95 19
97 19
98 19
99 19
100 19
101 19
102 19
103 19
104 102
105 19
106 19
107 19
108 19
109 19
110 19
111 19
112 19
113 19
114 19
115 19
116 19
117 19
118 19
119 19
120 19
121 19
122 19
104 103
48 19
49 19
50 19
51 19
52 19
53 19
54 19
55 19
56 19
57 19
65 19
66 19
67 19
68 19
69 19
70 19
71 19
72 19
73 19
74 19
75 19
76 19
77 19
78 19
79 19
80 19
81 19
82 19
83 19
84 19
85 19
86 19
87 19
88 19
89 19
90 19
95 19
97 19
98 19
99 19
100 19
101 19
102 19
103 19
104 19
105 104
106 19
107 19
108 19
109 19
110 19
111 19
112 19
113 19
114 19
115 19
116 19
117 19
118 19
119 19
120 19
121 19
122 19
48 19
49 19
50 19
51 19
52 19
53 19
54 19
55 19
56 19
57 19
65 19
66 19
67 19
68 19
69 19
70 19
71 19
72 19
73 19
74 19
75 19
76 19
77 19
78 19
79 19
80 19
81 19
82 19
83 19
84 19
85 19
86 19
87 19
88 19
89 19
90 19
95 19
97 19
98 19
99 19
100 19
101 19
102 19
103 19
104 19
105 19
106 19
107 19
108 19
109 19
110 19
111 19
112 19
113 19
114 105
115 19
116 19
117 19
118 19
119 19
120 19
121 19
122 19
9 47
10 47
13 47
32 47
33 47
34 47
35 47
36 47
37 47
38 47
39 47
40 47
41 47
42 77
43 47
44 47
45 47
46 47
47 106
48 47
49 47
50 47
51 47
52 47
53 47
54 47
55 47
56 47
57 47
58 47
59 47
60 47
61 47
62 47
63 47
64 47
65 47
66 47
67 47
68 47
69 47
70 47
71 47
72 47
73 47
74 47
75 47
76 47
77 47
78 47
79 47
80 47
81 47
82 47
83 47
84 47
85 47
86 47
87 47
88 47
89 47
90 47
91 47
92 47
93 47
94 47
95 47
96 47
97 47
98 47
99 47
100 47
101 47
102 47
103 47
104 47
105 47
106 47
107 47
108 47
109 47
110 47
111 47
112 47
113 47
114 47
115 47
116 47
117 47
118 47
119 47
120 47
121 47
122 47
123 47
124 47
125 47
126 47
161 47
162 47
163 47
164 47
165 47
166 47
167 47
168 47
169 47
170 47
171 47
172 47
173 47
174 47
175 47
176 47
177 47
178 47
179 47
180 47
181 47
182 47
183 47
184 47
185 47
186 47
187 47
188 47
189 47
190 47
191 47
192 47
193 47
194 47
195 47
196 47
197 47
198 47
199 47
200 47
201 47
202 47
203 47
204 47
205 47
206 47
207 47
208 47
209 47
210 47
211 47
212 47
213 47
214 47
215 47
216 47
217 47
218 47
219 47
220 47
221 47
222 47
223 47
224 47
225 47
226 47
227 47
228 47
229 47
230 47
231 47
232 47
233 47
234 47
235 47
236 47
237 47
238 47
239 47
240 47
241 47
242 47
243 47
244 47
245 47
246 47
247 47
248 47
249 47
250 47
251 47
252 47
253 47
254 47
255 47
48 78
49 78
48 79
49 79
50 79
51 79
52 79
53 79
54 79
55 79
56 79
57 79
65 79
66 79
67 79
68 79
69 79
70 79
48 19
49 19
50 19
51 19
52 19
53 19
54 19
55 19
56 19
57 19
65 19
66 19
67 19
68 19
69 19
70 19
71 19
72 19
73 19
74 19
75 19
76 19
77 19
78 19
79 19
80 19
81 19
82 19
83 19
84 19
85 19
86 19
87 19
88 19
89 19
90 19
95 19
97 19
98 19
99 19
100 19
101 19
102 19
103 19
104 19
105 19
106 19
107 19
108 107
109 19
110 19
111 19
112 19
113 19
114 19
115 19
116 19
117 19
118 19
119 19
120 19
121 19
122 19
48 19
49 19
50 19
51 19
52 19
53 19
54 19
55 19
56 19
57 19
65 19
66 19
67 19
68 19
69 19
70 19
71 19
72 19
73 19
74 19
75 19
76 19
77 19
78 19
79 19
80 19
81 19
82 19
83 19
84 19
85 19
86 19
87 19
88 19
89 19
90 19
95 19
97 19
98 19
99 19
100 19
101 19
102 19
103 19
104 19
105 19
106 19
107 19
108 19
109 19
110 19
111 19
112 19
113 19
114 19
115 19
116 19
117 19
118 19
119 19
120 19
121 19
122 19
228 108
48 19
49 19
50 19
51 19
52 19
53 19
54 19
55 19
56 19
57 19
65 19
66 19
67 19
68 19
69 19
70 19
71 19
72 19
73 19
74 19
75 19
76 19
77 19
78 19
79 19
80 19
81 19
82 19
83 19
84 19
85 19
86 19
87 19
88 19
89 19
90 19
95 19
97 19
98 19
99 19
100 19
101 19
102 19
103 19
104 19
105 19
106 19
107 19
108 109
109 19
110 19
111 19
112 19
113 19
114 19
115 110
116 19
117 19
118 19
119 19
120 19
121 19
122 19
48 19
49 19
50 19
51 19
52 19
53 19
54 19
55 19
56 19
57 19
65 19
66 19
67 19
68 19
69 19
70 19
71 19
72 19
73 19
74 19
75 19
76 19
77 19
78 19
79 19
80 19
81 19
82 19
83 19
84 19
85 19
86 19
87 19
88 19
89 19
90 19
95 19
97 19
98 19
99 19
100 19
101 19
102 19
103 19
104 19
105 19
106 19
107 111
108 19
109 19
110 19
111 19
112 19
113 19
114 19
115 19
116 19
117 19
118 19
119 19
120 19
121 19
122 19
48 19
49 19
50 19
51 19
52 19
53 19
54 19
55 19
56 19
57 19
65 19
66 19
67 19
68 19
69 19
70 19
71 19
72 19
73 19
74 19
75 19
76 19
77 19
78 19
79 19
80 19
81 19
82 19
83 19
84 19
85 19
86 19
87 19
88 19
89 19
90 19
95 19
97 19
98 19
99 19
100 19
101 19
102 19
103 19
104 19
105 19
106 19
107 19
108 19
109 19
110 19
111 19
112 19
113 19
114 19
115 19
116 19
117 19
118 19
119 19
120 19
121 19
122 112
48 19
49 19
50 19
51 19
52 19
53 19
54 19
55 19
56 19
57 19
65 19
66 19
67 19
68 19
69 19
70 19
71 19
72 19
73 19
74 19
75 19
76 19
77 19
78 19
79 19
80 19
81 19
82 19
83 19
84 19
85 19
86 19
87 19
88 19
89 19
90 19
95 19
97 19
98 19
99 19
100 19
101 19
102 19
103 19
104 19
105 113
106 19
107 19
108 19
109 19
110 19
111 19
112 19
113 19
114 19
115 19
116 19
117 19
118 19
119 19
120 19
121 19
122 19
115 114
48 19
49 19
50 19
51 19
52 19
53 19
54 19
55 19
56 19
57 19
65 19
66 19
67 19
68 19
69 19
70 19
71 19
72 19
73 19
74 19
75 19
76 19
77 19
78 19
79 19
80 19
81 19
82 19
83 19
84 19
85 19
86 19
87 19
88 19
89 19
90 19
95 19
97 19
98 19
99 19
100 19
101 115
102 19
103 19
104 19
105 19
106 19
107 19
108 19
109 19
110 19
111 19
112 19
113 19
114 19
115 19
116 19
117 19
118 19
119 19
120 19
121 19
122 19
48 19
49 19
50 19
51 19
52 19
53 19
54 19
55 19
56 19
57 19
65 19
66 19
67 19
68 19
69 19
70 19
71 19
72 19
73 19
74 19
75 19
76 19
77 19
78 19
79 19
80 19
81 19
82 19
83 19
84 19
85 19
86 19
87 19
88 19
89 19
90 19
95 19
97 19
98 19
99 19
100 19
101 19
102 19
103 19
104 19
105 116
106 19
107 19
108 19
109 19
110 19
111 19
112 19
113 19
114 19
115 19
116 19
117 19
118 19
119 19
120 19
121 19
122 19
48 19
49 19
50 19
51 19
52 19
53 19
54 19
55 19
56 19
57 19
65 19
66 19
67 19
68 19
69 19
70 19
71 19
72 19
73 19
74 19
75 19
76 19
77 19
78 19
79 19
80 19
81 19
82 19
83 19
84 19
85 19
86 19
87 19
88 19
89 19
90 19
95 19
97 19
98 19
99 19
100 19
101 19
102 19
103 19
104 19
105 19
106 19
107 19
108 19
109 19
110 19
111 19
112 19
113 19
114 117
115 19
116 19
117 19
118 19
119 19
120 19
121 19
122 19
48 19
49 19
50 19
51 19
52 19
53 19
54 19
55 19
56 19
57 19
65 19
66 19
67 19
68 19
69 19
70 19
71 19
72 19
73 19
74 19
75 19
76 19
77 19
78 19
79 19
80 19
81 19
82 19
83 19
84 19
85 19
86 19
87 19
88 19
89 19
90 19
95 19
97 19
98 19
99 19
100 19
101 118
102 19
103 19
104 19
105 19
106 19
107 19
108 19
109 19
110 19
111 19
112 19
113 19
114 19
115 19
116 19
117 19
118 19
119 19
120 19
121 19
122 19
48 19
49 19
50 19
51 19
52 19
53 19
54 19
55 19
56 19
57 19
65 19
66 19
67 19
68 19
69 19
70 19
71 19
72 19
73 19
74 19
75 19
76 19
77 19
78 19
79 19
80 19
81 19
82 19
83 19
84 19
85 19
86 19
87 19
88 19
89 19
90 19
95 19
97 19
98 19
99 19
100 19
101 19
102 119
103 19
104 19
105 19
106 19
107 19
108 19
109 19
110 19
111 19
112 19
113 19
114 19
115 19
116 19
117 19
118 19
119 19
120 19
121 19
122 19
48 19
49 19
50 19
51 19
52 19
53 19
54 19
55 19
56 19
57 19
65 19
66 19
67 19
68 19
69 19
70 19
71 19
72 19
73 19
74 19
75 19
76 19
77 19
78 19
79 19
80 19
81 19
82 19
83 19
84 19
85 19
86 19
87 19
88 19
89 19
90 19
95 19
97 19
98 19
99 19
100 19
101 19
102 19
103 19
104 120
105 19
106 19
107 19
108 19
109 19
110 19
111 19
112 19
113 19
114 19
115 19
116 19
117 19
118 19
119 19
120 19
121 19
122 19
48 19
49 19
50 19
51 19
52 19
53 19
54 19
55 19
56 19
57 19
65 19
66 19
67 19
68 19
69 19
70 19
71 19
72 19
73 19
74 19
75 19
76 19
77 19
78 19
79 19
80 19
81 19
82 19
83 19
84 19
85 19
86 19
87 19
88 19
89 19
90 19
95 19
97 19
98 19
99 19
100 19
101 19
102 19
103 19
104 19
105 19
106 19
107 19
108 19
109 19
110 19
111 19
112 19
113 19
114 121
115 19
116 19
117 19
118 19
119 19
120 19
121 19
122 19
48 19
49 19
50 19
51 19
52 19
53 19
54 19
55 19
56 19
57 19
65 19
66 19
67 19
68 19
69 19
70 19
71 19
72 19
73 19
74 19
75 19
76 19
77 19
78 19
79 19
80 19
81 19
82 19
83 19
84 19
85 19
86 19
87 19
88 19
89 19
90 19
95 19
97 19
98 19
99 19
100 19
101 19
102 19
103 19
104 19
105 19
106 19
107 19
108 122
109 19
110 19
111 19
112 19
113 19
114 19
115 19
116 19
117 19
118 19
119 19
120 19
121 19
122 19
48 19
49 19
50 19
51 19
52 19
53 19
54 19
55 19
56 19
57 19
65 19
66 19
67 19
68 19
69 19
70 19
71 19
72 19
73 19
74 19
75 19
76 19
77 19
78 19
79 19
80 19
81 19
82 19
83 19
84 19
85 19
86 19
87 19
88 19
89 19
90 19
95 19
97 19
98 19
99 19
100 19
101 19
102 19
103 19
104 19
105 19
106 19
107 19
108 19
109 19
110 19
111 19
112 19
113 19
114 123
115 19
116 19
117 19
118 19
119 19
120 19
121 19
122 19
48 19
49 19
50 19
51 19
52 19
53 19
54 19
55 19
56 19
57 19
65 19
66 19
67 19
68 19
69 19
70 19
71 19
72 19
73 19
74 19
75 19
76 19
77 19
78 19
79 19
80 19
81 19
82 19
83 19
84 19
85 19
86 19
87 19
88 19
89 19
90 19
95 19
97 19
98 19
99 19
100 19
101 19
102 19
103 19
104 19
105 19
106 19
107 19
108 19
109 19
110 19
111 19
112 19
113 19
114 19
115 124
116 19
117 19
118 19
119 19
120 19
121 19
122 19
48 19
49 19
50 19
51 19
52 19
53 19
54 19
55 19
56 19
57 19
65 19
66 19
67 19
68 19
69 19
70 19
71 19
72 19
73 19
74 19
75 19
76 19
77 19
78 19
79 19
80 19
81 19
82 19
83 19
84 19
85 19
86 19
87 19
88 19
89 19
90 19
95 19
97 19
98 19
99 19
100 19
101 19
102 19
103 19
104 19
105 19
106 19
107 19
108 19
109 19
110 19
111 19
112 19
113 19
114 19
115 19
116 19
117 19
118 19
119 19
120 19
121 19
122 19
48 19
49 19
50 19
51 19
52 19
53 19
54 19
55 19
56 19
57 19
65 19
66 19
67 19
68 19
69 19
70 19
71 19
72 19
73 19
74 19
75 19
76 19
77 19
78 19
79 19
80 19
81 19
82 19
83 19
84 19
85 19
86 19
87 19
88 19
89 19
90 19
95 19
97 19
98 19
99 19
100 19
101 19
102 19
103 19
104 19
105 19
106 19
107 19
108 19
109 19
110 19
111 19
112 19
113 19
114 19
115 19
116 19
117 19
118 19
119 19
120 19
121 19
122 19
48 19
49 19
50 19
51 19
52 19
53 19
54 19
55 19
56 19
57 19
65 19
66 19
67 19
68 19
69 19
70 19
71 19
72 19
73 19
74 19
75 19
76 19
77 19
78 19
79 19
80 19
81 19
82 19
83 19
84 19
85 19
86 19
87 19
88 19
89 19
90 19
95 19
97 19
98 19
99 19
100 19
101 19
102 19
103 19
104 19
105 19
106 19
107 19
108 125
109 19
110 19
111 19
112 19
113 19
114 19
115 19
116 19
117 19
118 19
119 19
120 19
121 19
122 19
48 19
49 19
50 19
51 19
52 19
53 19
54 19
55 19
56 19
57 19
65 19
66 19
67 19
68 19
69 19
70 19
71 19
72 19
73 19
74 19
75 19
76 19
77 19
78 19
79 19
80 19
81 19
82 19
83 19
84 19
85 19
86 19
87 19
88 19
89 19
90 19
95 19
97 19
98 19
99 19
100 19
101 19
102 19
103 19
104 19
105 19
106 19
107 19
108 19
109 19
110 19
111 19
112 19
113 19
114 19
115 19
116 19
117 19
118 19
119 19
120 19
121 19
122 19
48 19
49 19
50 19
51 19
52 19
53 19
54 19
55 19
56 19
57 19
65 19
66 19
67 19
68 19
69 19
70 19
71 19
72 19
73 19
74 19
75 19
76 19
77 19
78 19
79 19
80 19
81 19
82 19
83 19
84 19
85 19
86 19
87 19
88 19
89 19
90 19
95 19
97 19
98 19
99 19
100 19
101 19
102 19
103 19
104 19
105 19
106 19
107 19
108 19
109 19
110 19
111 19
112 19
113 19
114 126
115 19
116 19
117 19
118 19
119 19
120 19
121 19
122 19
114 127
48 19
49 19
50 19
51 19
52 19
53 19
54 19
55 19
56 19
57 19
65 19
66 19
67 19
68 19
69 19
70 19
71 19
72 19
73 19
74 19
75 19
76 19
77 19
78 19
79 19
80 19
81 19
82 19
83 19
84 19
85 19
86 19
87 19
88 19
89 19
90 19
95 19
97 19
98 19
99 128
100 19
101 19
102 19
103 19
104 19
105 19
106 19
107 19
108 19
109 19
110 19
111 19
112 19
113 19
114 19
115 19
116 19
117 19
118 19
119 19
120 19
121 19
122 19
48 19
49 19
50 19
51 19
52 19
53 19
54 19
55 19
56 19
57 19
65 19
66 19
67 19
68 19
69 19
70 19
71 19
72 19
73 19
74 19
75 19
76 19
77 19
78 19
79 19
80 19
81 19
82 19
83 19
84 19
85 19
86 19
87 19
88 19
89 19
90 19
95 19
97 19
98 19
99 19
100 19
101 19
102 19
103 19
104 19
105 19
106 19
107 19
108 19
109 19
110 19
111 19
112 19
113 19
114 19
115 19
116 19
117 19
118 19
119 19
120 19
121 19
122 19
252 129
48 19
49 19
50 19
51 19
52 19
53 19
54 19
55 19
56 19
57 19
65 19
66 19
67 19
68 19
69 19
70 19
71 19
72 19
73 19
74 19
75 19
76 19
77 19
78 19
79 19
80 19
81 19
82 19
83 19
84 19
85 19
86 19
87 19
88 19
89 19
90 19
95 19
97 19
98 19
99 19
100 19
101 130
102 19
103 19
104 19
105 19
106 19
107 19
108 19
109 19
110 19
111 19
112 19
113 19
114 19
115 19
116 19
117 19
118 19
119 19
120 19
121 19
122 19
108 131
48 19
49 19
50 19
51 19
52 19
53 19
54 19
55 19
56 19
57 19
65 19
66 19
67 19
68 19
69 19
70 19
71 19
72 19
73 19
74 19
75 19
76 19
77 19
78 19
79 19
80 19
81 19
82 19
83 19
84 19
85 19
86 19
87 19
88 19
89 19
90 19
95 19
97 19
98 19
99 19
100 19
101 19
102 19
103 19
104 19
105 19
106 19
107 19
108 19
109 19
110 19
111 19
112 19
113 19
114 19
115 132
116 19
117 19
118 19
119 19
120 19
121 19
122 19
48 19
49 19
50 19
51 19
52 19
53 19
54 19
55 19
56 19
57 19
65 19
66 19
67 19
68 19
69 19
70 19
71 19
72 19
73 19
74 19
75 19
76 19
77 19
78 19
79 19
80 19
81 19
82 19
83 19
84 19
85 19
86 19
87 19
88 19
89 19
90 19
95 19
97 19
98 19
99 133
100 19
101 19
102 19
103 19
104 19
105 19
106 19
107 19
108 19
109 19
110 19
111 19
112 19
113 19
114 19
115 19
116 19
117 19
118 19
119 19
120 19
121 19
122 19
48 19
49 19
50 19
51 19
52 19
53 19
54 19
55 19
56 19
57 19
65 19
66 19
67 19
68 19
69 19
70 19
71 19
72 19
73 19
74 19
75 19
76 19
77 19
78 19
79 19
80 19
81 19
82 19
83 19
84 19
85 19
86 19
87 19
88 19
89 19
90 19
95 19
97 19
98 19
99 19
100 19
101 19
102 19
103 19
104 19
105 19
106 19
107 19
108 19
109 19
110 19
111 19
112 19
113 19
114 19
115 19
116 134
117 19
118 19
119 19
120 19
121 19
122 19
48 19
49 19
50 19
51 19
52 19
53 19
54 19
55 19
56 19
57 19
65 19
66 19
67 19
68 19
69 19
70 19
71 19
72 19
73 19
74 19
75 19
76 19
77 19
78 19
79 19
80 19
81 19
82 19
83 19
84 19
85 19
86 19
87 19
88 19
89 19
90 19
95 19
97 19
98 19
99 19
100 19
101 135
102 19
103 19
104 19
105 19
106 19
107 19
108 19
109 19
110 19
111 19
112 19
113 19
114 19
115 19
116 19
117 19
118 19
119 19
120 19
121 19
122 19
48 19
49 19
50 19
51 19
52 19
53 19
54 19
55 19
56 19
57 19
65 19
66 19
67 19
68 19
69 19
70 19
71 19
72 19
73 19
74 19
75 19
76 19
77 19
78 19
79 19
80 19
81 19
82 19
83 19
84 19
85 19
86 19
87 19
88 19
89 19
90 19
95 19
97 19
98 19
99 136
100 19
101 19
102 19
103 19
104 19
105 19
106 19
107 19
108 19
109 19
110 19
111 19
112 19
113 19
114 19
115 19
116 19
117 19
118 19
119 19
120 19
121 19
122 19
115 137
48 19
49 19
50 19
51 19
52 19
53 19
54 19
55 19
56 19
57 19
65 19
66 19
67 19
68 19
69 19
70 19
71 19
72 19
73 19
74 19
75 19
76 19
77 19
78 19
79 19
80 19
81 19
82 19
83 19
84 19
85 19
86 19
87 19
88 19
89 19
90 19
95 19
97 19
98 19
99 19
100 19
101 19
102 19
103 19
104 19
105 19
106 19
107 19
108 19
109 19
110 19
111 19
112 19
113 19
114 19
115 19
116 19
117 19
118 19
119 19
120 19
121 19
122 19
48 19
49 19
50 19
51 19
52 19
53 19
54 19
55 19
56 19
57 19
65 19
66 19
67 19
68 19
69 19
70 19
71 19
72 19
73 19
74 19
75 19
76 19
77 19
78 19
79 19
80 19
81 19
82 19
83 19
84 19
85 19
86 19
87 19
88 19
89 19
90 19
95 19
97 19
98 19
99 19
100 19
101 19
102 19
103 19
104 19
105 19
106 19
107 19
108 19
109 19
110 138
111 19
112 19
113 19
114 19
115 19
116 19
117 19
118 19
119 19
120 19
121 19
122 19
48 19
49 19
50 19
51 19
52 19
53 19
54 19
55 19
56 19
57 19
65 19
66 19
67 19
68 19
69 19
70 19
71 19
72 19
73 19
74 19
75 19
76 19
77 19
78 19
79 19
80 19
81 19
82 19
83 19
84 19
85 19
86 19
87 19
88 19
89 19
90 19
95 19
97 19
98 19
99 19
100 19
101 19
102 19
103 19
104 19
105 19
106 19
107 19
108 19
109 19
110 19
111 19
112 19
113 19
114 19
115 19
116 19
117 19
118 19
119 19
120 19
121 19
122 19
48 19
49 19
50 19
51 19
52 19
53 19
54 19
55 19
56 19
57 19
65 19
66 19
67 19
68 19
69 19
70 19
71 19
72 19
73 19
74 19
75 19
76 19
77 19
78 19
79 19
80 19
81 19
82 19
83 19
84 19
85 19
86 19
87 19
88 19
89 19
90 19
95 19
97 19
98 19
99 19
100 19
101 19
102 19
103 19
104 19
105 19
106 19
107 19
108 19
109 19
110 139
111 19
112 19
113 19
114 19
115 19
116 19
117 19
118 19
119 19
120 19
121 19
122 19
48 19
49 19
50 19
51 19
52 19
53 19
54 19
55 19
56 19
57 19
65 19
66 19
67 19
68 19
69 19
70 19
71 19
72 19
73 19
74 19
75 19
76 19
77 19
78 19
79 19
80 19
81 19
82 19
83 19
84 19
85 19
86 19
87 19
88 19
89 19
90 19
95 19
97 19
98 19
99 19
100 19
101 140
102 19
103 19
104 19
105 19
106 19
107 19
108 19
109 19
110 19
111 19
112 19
113 19
114 19
115 19
116 19
117 19
118 19
119 19
120 19
121 19
122 19
48 19
49 19
50 19
51 19
52 19
53 19
54 19
55 19
56 19
57 19
65 19
66 19
67 19
68 19
69 19
70 19
71 19
72 19
73 19
74 19
75 19
76 19
77 19
78 19
79 19
80 19
81 19
82 19
83 19
84 19
85 19
86 19
87 19
88 19
89 19
90 19
95 19
97 19
98 19
99 19
100 19
101 19
102 19
103 19
104 19
105 19
106 19
107 19
108 19
109 19
110 19
111 19
112 19
113 19
114 19
115 19
116 141
117 19
118 19
119 19
120 19
121 19
122 19
48 19
49 19
50 19
51 19
52 19
53 19
54 19
55 19
56 19
57 19
65 19
66 19
67 19
68 19
69 19
70 19
71 19
72 19
73 19
74 19
75 19
76 19
77 19
78 19
79 19
80 19
81 19
82 19
83 19
84 19
85 19
86 19
87 19
88 19
89 19
90 19
95 19
97 19
98 19
99 19
100 19
101 19
102 19
103 19
104 19
105 19
106 19
107 19
108 19
109 19
110 19
111 19
112 19
113 19
114 19
115 19
116 19
117 19
118 19
119 19
120 19
121 19
122 19
48 19
49 19
50 19
51 19
52 19
53 19
54 19
55 19
56 19
57 19
65 19
66 19
67 19
68 19
69 19
70 19
71 19
72 19
73 19
74 19
75 19
76 19
77 19
78 19
79 19
80 19
81 19
82 19
83 19
84 19
85 19
86 19
87 19
88 19
89 19
90 19
95 19
97 19
98 19
99 19
100 19
101 19
102 19
103 19
104 19
105 19
106 19
107 19
108 142
109 19
110 19
111 19
112 19
113 19
114 19
115 19
116 19
117 19
118 19
119 19
120 19
121 19
122 19
48 19
49 19
50 19
51 19
52 19
53 19
54 19
55 19
56 19
57 19
65 19
66 19
67 19
68 19
69 19
70 19
71 19
72 19
73 19
74 19
75 19
76 19
77 19
78 19
79 19
80 19
81 19
82 19
83 19
84 19
85 19
86 19
87 19
88 19
89 19
90 19
95 19
97 19
98 19
99 19
100 19
101 143
102 19
103 19
104 19
105 19
106 19
107 19
108 19
109 19
110 19
111 19
112 19
113 19
114 19
115 19
116 19
117 19
118 19
119 19
120 19
121 19
122 19
48 19
49 19
50 19
51 19
52 19
53 19
54 19
55 19
56 19
57 19
65 19
66 19
67 19
68 19
69 19
70 19
71 19
72 19
73 19
74 19
75 19
76 19
77 19
78 19
79 19
80 19
81 19
82 19
83 19
84 19
85 19
86 19
87 19
88 19
89 19
90 19
95 19
97 19
98 19
99 19
100 19
101 19
102 19
103 19
104 19
105 19
106 19
107 19
108 19
109 19
110 19
111 19
112 19
113 19
114 19
115 19
116 144
117 19
118 19
119 19
120 19
121 19
122 19
48 19
49 19
50 19
51 19
52 19
53 19
54 19
55 19
56 19
57 19
65 19
66 19
67 19
68 19
69 19
70 19
71 19
72 19
73 19
74 19
75 19
76 19
77 19
78 19
79 19
80 19
81 19
82 19
83 19
84 19
85 19
86 19
87 19
88 19
89 19
90 19
95 19
97 19
98 19
99 19
100 19
101 145
102 19
103 19
104 19
105 19
106 19
107 19
108 19
109 19
110 19
111 19
112 19
113 19
114 19
115 19
116 19
117 19
118 19
119 19
120 19
121 19
122 19
48 19
49 19
50 19
51 19
52 19
53 19
54 19
55 19
56 19
57 19
65 19
66 19
67 19
68 19
69 19
70 19
71 19
72 19
73 19
74 19
75 19
76 19
77 19
78 19
79 19
80 19
81 19
82 19
83 19
84 19
85 19
86 19
87 19
88 19
89 19
90 19
95 19
97 19
98 19
99 19
100 19
101 19
102 19
103 19
104 19
105 19
106 19
107 19
108 19
109 19
110 19
111 19
112 19
113 19
114 19
115 19
116 19
117 19
118 19
119 19
120 19
121 19
122 19
101 146
48 19
49 19
50 19
51 19
52 19
53 19
54 19
55 19
56 19
57 19
65 19
66 19
67 19
68 19
69 19
70 19
71 19
72 19
73 19
74 19
75 19
76 19
77 19
78 19
79 19
80 19
81 19
82 19
83 19
84 19
85 19
86 19
87 19
88 19
89 19
90 19
95 19
97 19
98 19
99 19
100 19
101 19
102 19
103 19
104 147
105 19
106 19
107 19
108 19
109 19
110 19
111 19
112 19
113 19
114 19
115 19
116 19
117 19
118 19
119 19
120 19
121 19
122 19
99 148
48 19
49 19
50 19
51 19
52 19
53 19
54 19
55 19
56 19
57 19
65 19
66 19
67 19
68 19
69 19
70 19
71 19
72 19
73 19
74 19
75 19
76 19
77 19
78 19
79 19
80 19
81 19
82 19
83 19
84 19
85 19
86 19
87 19
88 19
89 19
90 19
95 19
97 19
98 19
99 19
100 19
101 19
102 19
103 19
104 19
105 19
106 19
107 19
108 19
109 19
110 19
111 19
112 19
113 19
114 19
115 149
116 19
117 19
118 19
119 19
120 19
121 19
122 19
116 150
48 19
49 19
50 19
51 19
52 19
53 19
54 19
55 19
56 19
57 19
65 19
66 19
67 19
68 19
69 19
70 19
71 19
72 19
73 19
74 19
75 19
76 19
77 19
78 19
79 19
80 19
81 19
82 19
83 19
84 19
85 19
86 19
87 19
88 19
89 19
90 19
95 19
97 19
98 19
99 19
100 19
101 19
102 19
103 19
104 19
105 19
106 19
107 19
108 19
109 19
110 19
111 19
112 19
113 19
114 19
115 19
116 19
117 19
118 19
119 19
120 19
121 19
122 19
48 19
49 19
50 19
51 19
52 19
53 19
54 19
55 19
56 19
57 19
65 19
66 19
67 19
68 19
69 19
70 19
71 19
72 19
73 19
74 19
75 19
76 19
77 19
78 19
79 19
80 19
81 19
82 19
83 19
84 19
85 19
86 19
87 19
88 19
89 19
90 19
95 19
97 19
98 19
99 19
100 19
101 19
102 19
103 19
104 151
105 19
106 19
107 19
108 19
109 19
110 19
111 19
112 19
113 19
114 19
115 19
116 19
117 19
118 19
119 19
120 19
121 19
122 19
48 19
49 19
50 19
51 19
52 19
53 19
54 19
55 19
56 19
57 19
65 19
66 19
67 19
68 19
69 19
70 19
71 19
72 19
73 19
74 19
75 19
76 19
77 19
78 19
79 19
80 19
81 19
82 19
83 19
84 19
85 19
86 19
87 19
88 19
89 19
90 19
95 19
97 19
98 19
99 19
100 19
101 19
102 19
103 19
104 19
105 152
106 19
107 19
108 19
109 19
110 19
111 19
112 19
113 19
114 19
115 19
116 19
117 19
118 19
119 19
120 19
121 19
122 19
48 19
49 19
50 19
51 19
52 19
53 19
54 19
55 19
56 19
57 19
65 19
66 19
67 19
68 19
69 19
70 19
71 19
72 19
73 19
74 19
75 19
76 19
77 19
78 19
79 19
80 19
81 19
82 19
83 19
84 19
85 19
86 19
87 19
88 19
89 19
90 19
95 19
97 19
98 19
99 19
100 19
101 19
102 19
103 19
104 19
105 19
106 19
107 19
108 19
109 19
110 19
111 19
112 19
113 19
114 19
115 19
116 19
117 19
118 19
119 19
120 19
121 19
122 19
48 19
49 19
50 19
51 19
52 19
53 19
54 19
55 19
56 19
57 19
65 19
66 19
67 19
68 19
69 19
70 19
71 19
72 19
73 19
74 19
75 19
76 19
77 19
78 19
79 19
80 19
81 19
82 19
83 19
84 19
85 19
86 19
87 19
88 19
89 19
90 19
95 19
97 19
98 19
99 19
100 19
101 19
102 19
103 19
104 153
105 19
106 19
107 19
108 19
109 19
110 19
111 19
112 19
113 19
114 19
115 19
116 19
117 19
118 19
119 19
120 19
121 19
122 19
101 154
48 19
49 19
50 19
51 19
52 19
53 19
54 19
55 19
56 19
57 19
65 19
66 19
67 19
68 19
69 19
70 19
71 19
72 19
73 19
74 19
75 19
76 19
77 19
78 19
79 19
80 19
81 19
82 19
83 19
84 19
85 19
86 19
87 19
88 19
89 19
90 19
95 19
97 19
98 19
99 19
100 19
101 155
102 19
103 19
104 19
105 19
106 19
107 19
108 19
109 19
110 19
111 19
112 19
113 19
114 19
115 19
116 19
117 19
118 19
119 19
120 19
121 19
122 19
48 19
49 19
50 19
51 19
52 19
53 19
54 19
55 19
56 19
57 19
65 19
66 19
67 19
68 19
69 19
70 19
71 19
72 19
73 19
74 19
75 19
76 19
77 19
78 19
79 19
80 19
81 19
82 19
83 19
84 19
85 19
86 19
87 19
88 19
89 19
90 19
95 19
97 19
98 19
99 19
100 19
101 19
102 19
103 19
104 19
105 19
106 19
107 19
108 19
109 19
110 19
111 19
112 19
113 19
114 19
115 19
116 19
117 19
118 19
119 19
120 19
121 19
122 19
48 19
49 19
50 19
51 19
52 19
53 19
54 19
55 19
56 19
57 19
65 19
66 19
67 19
68 19
69 19
70 19
71 19
72 19
73 19
74 19
75 19
76 19
77 19
78 19
79 19
80 19
81 19
82 19
83 19
84 19
85 19
86 19
87 19
88 19
89 19
90 19
95 19
97 19
98 19
99 19
100 19
101 19
102 19
103 19
104 19
105 19
106 19
107 19
108 19
109 19
110 19
111 19
112 19
113 19
114 156
115 19
116 19
117 19
118 19
119 19
120 19
121 19
122 19
48 19
49 19
50 19
51 19
52 19
53 19
54 19
55 19
56 19
57 19
65 19
66 19
67 19
68 19
69 19
70 19
71 19
72 19
73 19
74 19
75 19
76 19
77 19
78 19
79 19
80 19
81 19
82 19
83 19
84 19
85 19
86 19
87 19
88 19
89 19
90 19
95 19
97 19
98 19
99 19
100 19
101 19
102 19
103 19
104 19
105 19
106 19
107 19
108 19
109 19
110 19
111 19
112 19
113 19
114 19
115 19
116 19
117 19
118 19
119 19
120 19
121 19
122 19
48 19
49 19
50 19
51 19
52 19
53 19
54 19
55 19
56 19
57 19
65 19
66 19
67 19
68 19
69 19
70 19
71 19
72 19
73 19
74 19
75 19
76 19
77 19
78 19
79 19
80 19
81 19
82 19
83 19
84 19
85 19
86 19
87 19
88 19
89 19
90 19
95 19
97 19
98 19
99 19
100 19
101 157
102 19
103 19
104 19
105 19
106 19
107 19
108 19
109 19
110 19
111 19
112 19
113 19
114 19
115 19
116 19
117 19
118 19
119 19
120 19
121 19
122 19
48 19
49 19
50 19
51 19
52 19
53 19
54 19
55 19
56 19
57 19
65 19
66 19
67 19
68 19
69 19
70 19
71 19
72 19
73 19
74 19
75 19
76 19
77 19
78 19
79 19
80 19
81 19
82 19
83 19
84 19
85 19
86 19
87 19
88 19
89 19
90 19
95 19
97 19
98 19
99 19
100 19
101 19
102 19
103 19
104 19
105 158
106 19
107 19
108 19
109 19
110 19
111 19
112 19
113 19
114 19
115 19
116 19
117 19
118 19
119 19
120 19
121 19
122 19
48 19
49 19
50 19
51 19
52 19
53 19
54 19
55 19
56 19
57 19
65 19
66 19
67 19
68 19
69 19
70 19
71 19
72 19
73 19
74 19
75 19
76 19
77 19
78 19
79 19
80 19
81 19
82 19
83 19
84 19
85 19
86 19
87 19
88 19
89 19
90 19
95 19
97 19
98 19
99 19
100 19
101 19
102 19
103 19
104 19
105 19
106 19
107 19
108 19
109 19
110 19
111 19
112 19
113 19
114 19
115 19
116 19
117 19
118 19
119 19
120 19
121 19
122 19
48 19
49 19
50 19
51 19
52 19
53 19
54 19
55 19
56 19
57 19
65 19
66 19
67 19
68 19
69 19
70 19
71 19
72 19
73 19
74 19
75 19
76 19
77 19
78 19
79 19
80 19
81 19
82 19
83 19
84 19
85 19
86 19
87 19
88 19
89 19
90 19
95 19
97 19
98 19
99 19
100 19
101 19
102 19
103 19
104 19
105 159
106 19
107 19
108 19
109 19
110 19
111 19
112 19
113 19
114 19
115 19
116 19
117 19
118 19
119 19
120 19
121 19
122 19
110 160
48 19
49 19
50 19
51 19
52 19
53 19
54 19
55 19
56 19
57 19
65 19
66 19
67 19
68 19
69 19
70 19
71 19
72 19
73 19
74 19
75 19
76 19
77 19
78 19
79 19
80 19
81 19
82 19
83 19
84 19
85 19
86 19
87 19
88 19
89 19
90 19
95 19
97 19
98 19
99 19
100 19
101 161
102 19
103 19
104 19
105 19
106 19
107 19
108 19
109 19
110 19
111 19
112 19
113 19
114 19
115 19
116 19
117 19
118 19
119 19
120 19
121 19
122 19
107 162
48 19
49 19
50 19
51 19
52 19
53 19
54 19
55 19
56 19
57 19
65 19
66 19
67 19
68 19
69 19
70 19
71 19
72 19
73 19
74 19
75 19
76 19
77 19
78 19
79 19
80 19
81 19
82 19
83 19
84 19
85 19
86 19
87 19
88 19
89 19
90 19
95 19
97 19
98 19
99 163
100 19
101 19
102 19
103 19
104 19
105 19
106 19
107 19
108 19
109 19
110 19
111 19
112 19
113 19
114 19
115 19
116 19
117 19
118 19
119 19
120 19
121 19
122 19
48 19
49 19
50 19
51 19
52 19
53 19
54 19
55 19
56 19
57 19
65 19
66 19
67 19
68 19
69 19
70 19
71 19
72 19
73 19
74 19
75 19
76 19
77 19
78 19
79 19
80 19
81 19
82 19
83 19
84 19
85 19
86 19
87 19
88 19
89 19
90 19
95 19
97 19
98 19
99 19
100 19
101 19
102 19
103 19
104 19
105 19
106 19
107 19
108 19
109 19
110 19
111 19
112 19
113 19
114 19
115 19
116 19
117 19
118 19
119 19
120 19
121 19
122 19
48 19
49 19
50 19
51 19
52 19
53 19
54 19
55 19
56 19
57 19
65 19
66 19
67 19
68 19
69 19
70 19
71 19
72 19
73 19
74 19
75 19
76 19
77 19
78 19
79 19
80 19
81 19
82 19
83 19
84 19
85 19
86 19
87 19
88 19
89 19
90 19
95 19
97 19
98 19
99 19
100 19
101 19
102 19
103 19
104 19
105 19
106 19
107 19
108 19
109 19
110 19
111 164
112 19
113 19
114 19
115 19
116 19
117 19
118 19
119 19
120 19
121 19
122 19
48 19
49 19
50 19
51 19
52 19
53 19
54 19
55 19
56 19
57 19
65 19
66 19
67 19
68 19
69 19
70 19
71 19
72 19
73 19
74 19
75 19
76 19
77 19
78 19
79 19
80 19
81 19
82 19
83 19
84 19
85 19
86 19
87 19
88 19
89 19
90 19
95 19
97 19
98 19
99 19
100 19
101 19
102 19
103 19
104 19
105 19
106 19
107 19
108 19
109 19
110 19
111 19
112 19
113 19
114 19
115 19
116 19
117 19
118 19
119 19
120 19
121 19
122 19
114 165
48 19
49 19
50 19
51 19
52 19
53 19
54 19
55 19
56 19
57 19
65 19
66 19
67 19
68 19
69 19
70 19
71 19
72 19
73 19
74 19
75 19
76 19
77 19
78 19
79 19
80 19
81 19
82 19
83 19
84 19
85 19
86 19
87 19
88 19
89 19
90 19
95 19
97 19
98 19
99 19
100 19
101 19
102 19
103 19
104 19
105 19
106 19
107 19
108 19
109 19
110 19
111 19
112 19
113 19
114 166
115 19
116 19
117 19
118 19
119 19
120 19
121 19
122 19
48 19
49 19
50 19
51 19
52 19
53 19
54 19
55 19
56 19
57 19
65 19
66 19
67 19
68 19
69 19
70 19
71 19
72 19
73 19
74 19
75 19
76 19
77 19
78 19
79 19
80 19
81 19
82 19
83 19
84 19
85 19
86 19
87 19
88 19
89 19
90 19
95 19
97 19
98 19
99 19
100 19
101 19
102 19
103 19
104 19
105 19
106 19
107 19
108 19
109 19
110 19
111 19
112 19
113 19
114 19
115 19
116 167
117 19
118 19
119 19
120 19
121 19
122 19
48 19
49 19
50 19
51 19
52 19
53 19
54 19
55 19
56 19
57 19
65 19
66 19
67 19
68 19
69 19
70 19
71 19
72 19
73 19
74 19
75 19
76 19
77 19
78 19
79 19
80 19
81 19
82 19
83 19
84 19
85 19
86 19
87 19
88 19
89 19
90 19
95 19
97 19
98 19
99 19
100 19
101 19
102 19
103 19
104 19
105 19
106 19
107 19
108 19
109 19
110 19
111 19
112 19
113 19
114 19
115 19
116 19
117 19
118 19
119 19
120 19
121 19
122 19
48 19
49 19
50 19
51 19
52 19
53 19
54 19
55 19
56 19
57 19
65 19
66 19
67 19
68 19
69 19
70 19
71 19
72 19
73 19
74 19
75 19
76 19
77 19
78 19
79 19
80 19
81 19
82 19
83 19
84 19
85 19
86 19
87 19
88 19
89 19
90 19
95 19
97 19
98 168
99 19
100 19
101 19
102 19
103 19
104 19
105 19
106 19
107 19
108 19
109 19
110 19
111 19
112 19
113 19
114 19
115 19
116 19
117 19
118 19
119 19
120 19
121 19
122 19
48 19
49 19
50 19
51 19
52 19
53 19
54 19
55 19
56 19
57 19
65 19
66 19
67 19
68 19
69 19
70 19
71 19
72 19
73 19
74 19
75 19
76 19
77 19
78 19
79 19
80 19
81 19
82 19
83 19
84 19
85 19
86 19
87 19
88 19
89 19
90 19
95 19
97 19
98 19
99 169
100 19
101 19
102 19
103 19
104 19
105 19
106 19
107 19
108 19
109 19
110 19
111 19
112 19
113 19
114 19
115 19
116 19
117 19
118 19
119 19
120 19
121 19
122 19
100 170
48 19
49 19
50 19
51 19
52 19
53 19
54 19
55 19
56 19
57 19
65 19
66 19
67 19
68 19
69 19
70 19
71 19
72 19
73 19
74 19
75 19
76 19
77 19
78 19
79 19
80 19
81 19
82 19
83 19
84 19
85 19
86 19
87 19
88 19
89 19
90 19
95 19
97 19
98 19
99 19
100 19
101 19
102 19
103 19
104 19
105 19
106 19
107 19
108 19
109 19
110 171
111 19
112 19
113 19
114 19
115 19
116 19
117 19
118 19
119 19
120 19
121 19
122 19
108 172
48 19
49 19
50 19
51 19
52 19
53 19
54 19
55 19
56 19
57 19
65 19
66 19
67 19
68 19
69 19
70 19
71 19
72 19
73 19
74 19
75 19
76 19
77 19
78 19
79 19
80 19
81 19
82 19
83 19
84 19
85 19
86 19
87 19
88 19
89 19
90 19
95 19
97 19
98 19
99 19
100 19
101 19
102 19
103 19
104 173
105 19
106 19
107 19
108 19
109 19
110 19
111 19
112 19
113 19
114 19
115 19
116 19
117 19
118 19
119 19
120 19
121 19
122 19
48 19
49 19
50 19
51 19
52 19
53 19
54 19
55 19
56 19
57 19
65 19
66 19
67 19
68 19
69 19
70 19
71 19
72 19
73 19
74 19
75 19
76 19
77 19
78 19
79 19
80 19
81 19
82 19
83 19
84 19
85 19
86 19
87 19
88 19
89 19
90 19
95 19
97 19
98 19
99 19
100 19
101 19
102 19
103 19
104 19
105 19
106 19
107 19
108 19
109 19
110 174
111 19
112 19
113 19
114 19
115 19
116 19
117 19
118 19
119 19
120 19
121 19
122 19
32 175
32 176
48 19
49 19
50 19
51 19
52 19
53 19
54 19
55 19
56 19
57 19
65 19
66 19
67 19
68 19
69 19
70 19
71 19
72 19
73 19
74 19
75 19
76 19
77 19
78 19
79 19
80 19
81 19
82 19
83 19
84 19
85 19
86 19
87 19
88 19
89 19
90 19
95 19
97 19
98 19
99 19
100 19
101 19
102 19
103 19
104 19
105 19
106 19
107 19
108 19
109 19
110 19
111 19
112 19
113 19
114 19
115 19
116 19
117 19
118 19
119 19
120 19
121 19
122 19
48 19
49 19
50 19
51 19
52 19
53 19
54 19
55 19
56 19
57 19
65 19
66 19
67 19
68 19
69 19
70 19
71 19
72 19
73 19
74 19
75 19
76 19
77 19
78 19
79 19
80 19
81 19
82 19
83 19
84 19
85 19
86 19
87 19
88 19
89 19
90 19
95 19
97 19
98 19
99 19
100 19
101 19
102 19
103 19
104 19
105 19
106 19
107 19
108 19
109 19
110 19
111 19
112 19
113 19
114 19
115 19
116 19
117 19
118 19
119 19
120 19
121 19
122 19
48 19
49 19
50 19
51 19
52 19
53 19
54 19
55 19
56 19
57 19
65 19
66 19
67 19
68 19
69 19
70 19
71 19
72 19
73 19
74 19
75 19
76 19
77 19
78 19
79 19
80 19
81 19
82 19
83 19
84 19
85 19
86 19
87 19
88 19
89 19
90 19
95 19
97 19
98 19
99 19
100 19
101 177
102 19
103 19
104 19
105 19
106 19
107 19
108 19
109 19
110 19
111 19
112 19
113 19
114 19
115 19
116 19
117 19
118 19
119 19
120 19
121 19
122 19
48 19
49 19
50 19
51 19
52 19
53 19
54 19
55 19
56 19
57 19
65 19
66 19
67 19
68 19
69 19
70 19
71 19
72 19
73 19
74 19
75 19
76 19
77 19
78 19
79 19
80 19
81 19
82 19
83 19
84 19
85 19
86 19
87 19
88 19
89 19
90 19
95 19
97 19
98 19
99 19
100 19
101 19
102 19
103 19
104 178
105 19
106 19
107 19
108 19
109 19
110 19
111 19
112 19
113 19
114 19
115 19
116 19
117 19
118 19
119 19
120 19
121 19
122 19
48 19
49 19
50 19
51 19
52 19
53 19
54 19
55 19
56 19
57 19
65 19
66 19
67 19
68 19
69 19
70 19
71 19
72 19
73 19
74 19
75 19
76 19
77 19
78 19
79 19
80 19
81 19
82 19
83 19
84 19
85 19
86 19
87 19
88 19
89 19
90 19
95 19
97 19
98 19
99 19
100 19
101 19
102 19
103 19
104 19
105 19
106 19
107 179
108 19
109 19
110 19
111 19
112 19
113 19
114 19
115 19
116 19
117 19
118 19
119 19
120 19
121 19
122 19
105 180
48 19
49 19
50 19
51 19
52 19
53 19
54 19
55 19
56 19
57 19
65 19
66 19
67 19
68 19
69 19
70 19
71 19
72 19
73 19
74 19
75 19
76 19
77 19
78 19
79 19
80 19
81 19
82 19
83 19
84 19
85 19
86 19
87 19
88 19
89 19
90 19
95 19
97 19
98 19
99 19
100 19
101 181
102 19
103 19
104 19
105 19
106 19
107 19
108 19
109 19
110 19
111 19
112 19
113 19
114 19
115 19
116 19
117 19
118 19
119 19
120 19
121 19
122 19
48 19
49 19
50 19
51 19
52 19
53 19
54 19
55 19
56 19
57 19
65 19
66 19
67 19
68 19
69 19
70 19
71 19
72 19
73 19
74 19
75 19
76 19
77 19
78 19
79 19
80 19
81 19
82 19
83 19
84 19
85 19
86 19
87 19
88 19
89 19
90 19
95 19
97 19
98 19
99 19
100 19
101 19
102 19
103 19
104 19
105 19
106 19
107 19
108 19
109 19
110 19
111 19
112 19
113 19
114 19
115 19
116 19
117 19
118 19
119 19
120 19
121 19
122 19
97 182
111 183
97 184
111 185
48 19
49 19
50 19
51 19
52 19
53 19
54 19
55 19
56 19
57 19
65 19
66 19
67 19
68 19
69 19
70 19
71 19
72 19
73 19
74 19
75 19
76 19
77 19
78 19
79 19
80 19
81 19
82 19
83 19
84 19
85 19
86 19
87 19
88 19
89 19
90 19
95 19
97 19
98 19
99 19
100 19
101 19
102 19
103 19
104 19
105 19
106 19
107 19
108 19
109 19
110 186
111 19
112 19
113 19
114 19
115 19
116 19
117 19
118 19
119 19
120 19
121 19
122 19
48 19
49 19
50 19
51 19
52 19
53 19
54 19
55 19
56 19
57 19
65 19
66 19
67 19
68 19
69 19
70 19
71 19
72 19
73 19
74 19
75 19
76 19
77 19
78 19
79 19
80 19
81 19
82 19
83 19
84 19
85 19
86 19
87 19
88 19
89 19
90 19
95 19
97 19
98 19
99 19
100 19
101 19
102 19
103 19
104 19
105 19
106 19
107 19
108 19
109 19
110 19
111 19
112 19
113 19
114 19
115 19
116 19
117 19
118 19
119 19
120 19
121 19
122 19
48 19
49 19
50 19
51 19
52 19
53 19
54 19
55 19
56 19
57 19
65 19
66 19
67 19
68 19
69 19
70 19
71 19
72 19
73 19
74 19
75 19
76 19
77 19
78 19
79 19
80 19
81 19
82 19
83 19
84 19
85 19
86 19
87 19
88 19
89 19
90 19
95 19
97 19
98 19
99 19
100 19
101 187
102 19
103 19
104 19
105 19
106 19
107 19
108 19
109 19
110 19
111 19
112 19
113 19
114 19
115 19
116 19
117 19
118 19
119 19
120 19
121 19
122 19
101 188
48 19
49 19
50 19
51 19
52 19
53 19
54 19
55 19
56 19
57 19
65 19
66 19
67 19
68 19
69 19
70 19
71 19
72 19
73 19
74 19
75 19
76 19
77 19
78 19
79 19
80 19
81 19
82 19
83 19
84 19
85 19
86 19
87 19
88 19
89 19
90 19
95 19
97 19
98 19
99 19
100 19
101 19
102 19
103 19
104 19
105 19
106 19
107 19
108 19
109 19
110 19
111 19
112 19
113 19
114 19
115 19
116 19
117 19
118 19
119 19
120 19
121 19
122 19
108 189
100 190
108 191
100 192
48 19
49 19
50 19
51 19
52 19
53 19
54 19
55 19
56 19
57 19
65 19
66 19
67 19
68 19
69 19
70 19
71 19
72 19
73 19
74 19
75 19
76 19
77 19
78 19
79 19
80 19
81 19
82 19
83 19
84 19
85 19
86 19
87 19
88 19
89 19
90 19
95 19
97 19
98 19
99 19
100 19
101 19
102 19
103 19
104 19
105 19
106 19
107 19
108 19
109 19
110 19
111 19
112 19
113 19
114 19
115 19
116 19
117 19
118 19
119 19
120 19
121 19
122 19
48 19
49 19
50 19
51 19
52 19
53 19
54 19
55 19
56 19
57 19
65 19
66 19
67 19
68 19
69 19
70 19
71 19
72 19
73 19
74 19
75 19
76 19
77 19
78 19
79 19
80 19
81 19
82 19
83 19
84 19
85 19
86 19
87 19
88 19
89 19
90 19
95 19
97 19
98 19
99 19
100 19
101 19
102 19
103 19
104 19
105 19
106 19
107 19
108 19
109 19
110 19
111 19
112 19
113 19
114 19
115 19
116 193
117 19
118 19
119 19
120 19
121 19
122 19
102 194
115 195
101 196
115 197
101 198
48 19
49 19
50 19
51 19
52 19
53 19
54 19
55 19
56 19
57 19
65 19
66 19
67 19
68 19
69 19
70 19
71 19
72 19
73 19
74 19
75 19
76 19
77 19
78 19
79 19
80 19
81 19
82 19
83 19
84 19
85 19
86 19
87 19
88 19
89 19
90 19
95 19
97 19
98 19
99 19
100 19
101 19
102 19
103 19
104 19
105 19
106 19
107 19
108 19
109 19
110 19
111 19
112 19
113 19
114 19
115 19
116 199
117 19
118 19
119 19
120 19
121 19
122 19
101 200
114 201
114 202
48 19
49 19
50 19
51 19
52 19
53 19
54 19
55 19
56 19
57 19
65 19
66 19
67 19
68 19
69 19
70 19
71 19
72 19
73 19
74 19
75 19
76 19
77 19
78 19
79 19
80 19
81 19
82 19
83 19
84 19
85 19
86 19
87 19
88 19
89 19
90 19
95 19
97 19
98 19
99 19
100 19
101 203
102 19
103 19
104 19
105 19
106 19
107 19
108 19
109 19
110 19
111 19
112 19
113 19
114 19
115 19
116 19
117 19
118 19
119 19
120 19
121 19
122 19
114 204
32 205
32 206
48 19
49 19
50 19
51 19
52 19
53 19
54 19
55 19
56 19
57 19
65 19
66 19
67 19
68 19
69 19
70 19
71 19
72 19
73 19
74 19
75 19
76 19
77 19
78 19
79 19
80 19
81 19
82 19
83 19
84 19
85 19
86 19
87 19
88 19
89 19
90 19
95 19
97 19
98 19
99 19
100 19
101 19
102 19
103 19
104 19
105 19
106 19
107 19
108 19
109 19
110 19
111 19
112 19
113 19
114 19
115 19
116 19
117 19
118 19
119 19
120 19
121 19
122 19
110 207
103 208
103 209
108 210
108 211
101 212
101 213
105 214
105 215
99 216
99 217
104 218
104 219